21776
35064
35338
8352
42
35
3340
20736
261
17664
60416
34959
12405
2571
12337
2574
61952
64768
11
52364
512
273
248
779
36044
29952
76
8866
9011
2218
35016
1797
769
4
41632
19468
12400
3076
21844
770
17412
64256
52232
247
2
8946
32
62464
4113
53328
20816
1228
41136
14
49280
56400
1024
57344
5381
4368
28720
1109
34984
20821
40992
787
17477
1349
21584
1792
65024
223
35852
34944
4373
4881
43144
61184
8736
13091
44556
41196
15114
50380
44544
17604
4147
55
8751
52480
1335
3584
5461
16624
7936
16576
168
43522
8
271
52746
307
52228
234
52485
17472
1807
17487
21572
2819
1029
34956
8432
563
4176
143
17749
47616
35498
1301
16469
5393
50176
20564
12032
2831
2619
49216
3328
1092
35976
51404
49352
341
61504
8739
61696
36744
63232
3343
21781
7953
32904
12800
3853
1485
20561
50
49348
49376
45296
3148
196
13058
43168
213
19524
20292
61568
13106
8706
3847
52424
41128
12561
527
112
57504
244
36608
3851
43779
208
127
3594
12848
1287
2184
191
51336
1039
61552
33008
10786
4181
162
4433
21761
3333
35464
12066
20496
43682
138
1795
4864
236
939
7
60096
21504
803
59
61456
17732
45216
54720
23808
47664
50244
855
1036
242
57584
775
4144
2252
115
259
43562
3165
81
52736
8226
56320
12592
2766
3086
52288
52420
4401
64
17652
3854
3599
20753
200
4353
28752
4915
4593
251
1293
3844
20595
1281
12544
20700
12464
179
19660
51200
8362
8994
8746
2562
23820
20688
45056
49360
20544
2060
69
41472
2568
5376
1
20592
14085
21589
22275
32512
32938
546
93
41506
10762
47
10922
32972
16452
12304
41184
2816
174
8240
29440
57088
21841
21829
49
35328
17484
16384
19456
52352
53488
12834
48896
43178
16588
13057
41088
176
61648
49365
239
3841
2048
34824
61616
186
3080
254
253
14080
63624
3246
682
4383
522
43658
49386
54528
52300
62532
206
4867
13072
171
30000
241
50368
3842
12338
20224
13105
19
43528
63488
61664
43552
1284
87
3848
17492
515
256
2602
43648
61713
17669
3596
32928
16
22272
140
128
41122
53248
35840
34954
8960
13088
45984
43008
10752
29520
45104
79
4371
60576
61472
57536
3085
61986
8963
43776
2698
12851
41642
15104
28672
41139
12320
32960
12474
8754
2063
32768
45824
84
12595
59904
28912
220
51392
4336
21764
117
16464
53440
224
21
3212
43688
13075
8192
2826
4096
21824
13
205
2058
31
8243
43759
30471
30197
57183
65493
65500
62195
44799
65274
47871
5119
30576
53130
62964
53198
62961
3583
767
65524
13171
65023
65262
65287
64756
29491
35583
65459
56669
56524
63317
30519
63738
64766
65531
23903
46067
53135
62459
43691
64765
48123
1279
13303
65288
65533
56589
65503
3071
61422
12207
44719
64307
24399
65521
16255
9135
64511
8191
60154
61167
36815
64426
30551
44714
24543
64748
48058
64186
43951
63743
511
65312
29683
30591
61162
60654
22391
4351
56799
52444
20979
24339
50421
15155
20991
47931
61388
65480
56784
13055
64200
61951
60074
48911
57599
48959
65367
22013
65527
65264
12789
65228
13307
65301
13050
48063
63728
48048
43963
62716
64506
30579
57103
64972
61359
65392
47786
17919
30037
64234
49066
60142
15359
44971
53503
62704
62916
16319
62207
64443
29559
14131
16183
65194
4031
56796
3839
28791
2303
62192
43754
57582
32631
52735
61682
64050
44974
65485
16187
16159
20239
62387
65339
52477
22367
65322
46011
45243
3967
52429
56829
61688
13111
24407
52974
65008
65423
8031
65291
28927
61684
21756
65327
65408
61941
52687
64248
63351
65344
14199
64496
3983
32527
54749
61354
65373
61102
43774
62202
30071
53469
45039
21853
65397
63740
60671
65299
64596
65528
5439
44031
64732
65476
4079
47803
20319
10815
41727
17871
15291
64680
64499
65293
7951
64760
61391
63283
65420
65276
21973
62370
65454
12799
57309
9215
52943
62769
62449
13247
13115
61134
65471
47883
61681
61936
44782
65335
61182
36783
60620
60942
65284
64242
61691
44940
64254
52991
44835
53071
65356
45875
14335
57173
56541
56789
62973
41715
44847
20479
16175
44991
63475
65466
24063
62967
60159
65534
44943
51450
43946
43260
33023
32597
64989
65442
24029
54773
65488
54613
32563
49083
53231
24351
62719
65361
57295
36095
8447
43694
43706
65486
30207
48051
49151
46079
13183
12047
52701
16639
22357
48947
52478
24447
65359
3887
16170
65296
61694
63487
30711
3919
65349
62455
65281
65282
51455
1911
62289
64853
61152
65013
21877
16149
11007
13235
3003
65329
60668
52463
65364
35535
65294
15167
61693
53197
45311
52430
65516
22007
2047
3871
21983
64251
65448
61687
48043
65020
65279
62933
21887
3822
47866
61939
32607
65519
43263
65395
65407
24413
12287
29695
30581
56575
52447
19551
22527
54783
36015
20431
65456
61164
4959
4063
7999
62450
3549
56572
21759
62837
52684
23893
50431
36863
24396
53215
32575
53061
56781
63472
32767
19711
65451
52940
5631
36623
65315
14143
61199
43771
65418
49071
12095
65311
65514
62323
21847
52460
57343
62709
61439
43711
65522
65330
63477
65504
57292
