56781
61167
515
44544
43706
36623
60654
29695
10752
64426
213
10922
63232
3071
12095
52991
52424
48959
22007
22367
87
65228
65315
4181
3076
3841
62704
2698
1795
2816
36815
242
3343
44782
29440
21759
2831
15291
21847
9011
20592
49151
54528
8191
61694
527
53071
43774
3328
14335
140
8
20561
12047
49280
32938
53197
65503
62967
63477
7999
171
45875
32563
8243
65524
65349
41642
61422
62973
3583
176
43648
52735
65486
12320
62961
1039
65262
51404
65451
3839
24413
4433
3844
13106
62464
21887
16
64251
20688
30197
24407
52477
11007
64256
64766
62719
4864
16469
51200
5376
52228
57599
52943
64756
52364
57292
12287
62195
206
16588
5631
61134
64748
13
56320
35016
17919
61682
13088
259
43691
21589
84
1281
22272
35852
65023
7936
8352
52300
236
29559
65312
56669
65024
64989
33008
65344
12400
12207
57536
17412
61391
13183
60142
65276
53328
16576
52460
63475
61616
47931
3340
8866
64760
61568
4401
24399
2063
47616
36783
59
13075
13235
770
21764
682
4
61693
28912
65500
1228
32960
62964
65367
65397
12337
3596
32904
57183
52447
32575
30579
21829
31
3594
32928
13303
307
787
21824
21
256
43168
52687
65485
12544
63283
44031
20496
63743
65480
5119
34984
4373
50244
65407
61951
52684
7
21504
14143
13115
65282
563
4096
13058
174
4371
775
65284
3887
15155
65299
10786
52232
65279
65476
254
1036
65322
79
43178
53488
32768
54783
8226
61687
50176
48896
779
3847
546
220
56541
49071
62387
13105
61696
17604
239
50380
49
65194
50
61952
62709
3080
12561
62323
253
65456
52701
43951
2574
205
1293
14
57309
30551
34944
28752
8432
65008
57295
57584
20816
17484
65448
47871
112
43754
64972
61664
20753
65514
53215
56524
2602
46079
41506
138
16639
40992
19468
21877
21781
8240
44943
45311
46011
17664
45296
14080
3584
234
13247
2826
65442
65361
57343
65533
60154
17669
244
65392
61684
34956
61182
53440
8192
21776
29683
15104
2819
17492
12851
65521
13171
52736
36044
3148
241
261
512
4176
61941
65296
21853
48947
35976
186
61199
1797
4031
60416
64732
63488
13111
49352
65359
53135
200
28927
61472
1024
34824
2058
63728
12799
10762
64443
43562
52288
65288
1807
45824
15359
1287
65504
8362
44719
4144
3212
44799
65493
16187
4079
61354
16452
41088
1029
65335
43759
43522
12304
1109
48051
16464
3851
16624
47786
32527
65420
51392
61552
3599
20821
8994
3871
64496
56799
4867
48043
4353
3842
8031
56829
57504
44714
62207
3919
3086
48063
36095
4881
65264
21841
59904
2562
57088
17749
52478
48911
162
21572
35
65013
61164
44847
30711
64499
65471
12595
191
2047
20991
21584
64511
65528
3983
1
767
19456
45039
8739
16175
22357
2571
32631
3854
251
52430
2252
21844
65311
65527
49083
53198
28672
13307
64768
62933
341
61688
61939
48058
24543
3967
35498
13072
20239
7951
20479
32597
65423
34954
47866
15167
1092
43771
35338
60620
47
41122
51455
5461
2
32972
23903
30071
65301
51336
35464
61456
61184
271
62202
1792
62455
4336
21983
5393
65418
8706
4113
65519
224
16183
65330
115
43688
55
65522
61102
60668
42
16384
43946
128
61439
52429
44991
57173
65466
49216
65274
56572
56575
61681
19660
19
44974
223
2303
65020
2218
35840
65293
43658
3853
52974
43263
24447
16255
12834
24063
13057
52444
12848
4368
64248
65373
49348
20224
12338
65287
14131
12032
49360
8746
65488
32607
56796
20431
2568
62450
76
52463
47803
11
65291
43711
52940
50368
43528
43694
29952
2184
1284
13091
43682
17477
1301
143
2060
4147
65329
12800
43963
54749
20319
1279
65327
65408
17732
56789
22391
20564
179
3333
65459
65281
63317
208
3848
196
35583
43008
33023
3085
4063
43144
64765
61691
35328
23893
64254
61936
43552
12464
63740
21761
24029
247
65531
65395
4351
522
60159
65534
9215
64234
62449
63738
81
65364
45056
23808
62192
57344
62459
14199
769
29491
57103
32
36608
2048
41128
63472
64242
64853
65294
54613
53248
30591
93
65339
41472
19711
46067
168
61648
61504
5381
64506
127
8754
21973
52480
45216
803
22527
32767
41184
65454
61162
13055
62716
49376
30519
54773
12592
8960
45104
61388
19524
63351
22013
41727
53503
24351
50431
65516
16319
511
1349
8447
248
53231
44971
61359
20544
60074
273
30207
69
41632
36863
8963
8736
32512
30581
28720
64
30037
17472
16159
20736
52352
48123
49066
64307
4915
63487
52420
43776
62837
64186
60671
117
41136
65356
